IOU 

RGB : 0.5422288584226959 
RGB_VGG : 0.8944811054448527 
VGG : 0.8685965182839984 
mask : 1.0 
unet : 0.9096847888680154 
unet_old : 0.9096847888680154 
